5.21281005786417e-15 0
-2.79548981014312e-15 5.77888558157378e-15
6.26035442190228e-15 9.00272315445539e-15
3.00624010233356e-15 1.41567447454842e-14
7.67602206348454e-15 4.41533288904684e-14
-1.58123514282238e-13 -256
-1.01484806173004e-15 -5.34925311410764e-14
-1.7710772406947e-15 -2.59436341361826e-14
5.84674151063519e-17 -2.08938087552492e-14
5.15033234709647e-15 -1.01038032468514e-14
1.08956736502128e-15 -1.65688562410868e-14
4.88916825547496e-15 -7.06092957789491e-15
1.60869049436203e-15 -1.05989472681078e-14
-4.22255229216018e-15 -6.03516570946081e-15
2.12442504956318e-15 -9.98713541590166e-15
1.55048365186724e-15 -3.76234512276308e-15
-1.28402181232019e-15 -9.19219010515313e-15
-4.21293853908973e-16 -6.38195141345763e-15
9.36699424000223e-16 -6.66394841180671e-15
5.49449590573452e-15 -3.79653860586269e-15
8.20112419851869e-16 -8.13219662204835e-15
2.31990071695726e-15 -6.25469482808272e-15
-3.07354110706924e-16 -4.69766185303498e-15
6.1983043299986e-15 -2.98393121961731e-15
-1.68137085333688e-15 -9.53010728679016e-15
1.34304093619316e-15 2.87874974381555e-16
4.72281544672907e-16 -7.94116792800162e-15
-5.00338607252175e-15 -4.65041344775539e-15
1.81619522443878e-15 -5.12175043750126e-15
-5.28891287810562e-16 -5.05968410913071e-16
6.54987190570232e-16 -4.77787868476149e-15
1.45421733002719e-15 -3.3932536768853e-15
-1.68472742867411e-15 -6.58497557303978e-15
1.97847416406157e-15 -3.39533203637675e-16
-2.53203078132947e-15 -6.10692993104585e-15
2.61571056505712e-16 -2.27549012660187e-15
-1.05193871353503e-14 -5.36768609119371e-15
4.34375499288945e-15 -7.78700849047564e-16
7.20016961093843e-15 -4.21296135568855e-15
3.62820511356374e-15 -2.28970880559511e-17
-3.63938230328056e-17 -3.31008649827427e-15
4.17986063270527e-15 -5.44357036851655e-16
-2.13770822079222e-15 -6.21151659662976e-15
-2.87210508524429e-16 -2.07562888962652e-15
-5.99218746465701e-15 -4.04619791748548e-16
4.96497936719253e-15 -2.59074824180961e-16
-1.98574864724734e-14 -6.30779118872335e-15
2.11881090148003e-15 -2.21663544193573e-14
2.01224815105536e-14 -8.0834489859781e-15
-3.65834654371029e-15 -1.8728700189648e-15
6.68728743084726e-15 -1.11765112470079e-15
6.42851366585205e-15 1.96027311784705e-15
3.43496489504615e-15 -4.24283967979554e-15
4.49390001034397e-15 2.78568484923987e-15
1.5146200558885e-15 -3.82541993030759e-16
8.82756403067316e-15 5.45746638984007e-17
-4.80811696900465e-15 -7.30094266662679e-15
2.51744841448106e-15 -4.08496534060524e-15
9.91222878562739e-15 -6.20665611825965e-15
-6.17835911038211e-16 -1.03090135383041e-15
6.13263945847756e-15 -1.48339798442173e-15
2.98764301935094e-15 -1.42456946595351e-15
5.7720449347445e-15 -7.94761887660413e-16
2.89774520140304e-15 -2.4230312291081e-15
3.43398828791974e-15 -1.86748926196383e-15
2.59887582395816e-15 -3.57884004681224e-15
4.94528837206539e-15 -1.43799348062293e-15
1.9461597013571e-15 5.04683974392491e-16
7.57625420651209e-16 2.47133789702525e-16
-6.17835911038211e-16 -1.03090135383041e-15
6.03266254125199e-15 1.75683019102465e-16
3.23922954625608e-15 -3.52462930995346e-15
4.6619000264541e-15 1.34247853652679e-16
3.63430173964229e-15 -3.45670148861075e-15
6.1320564861666e-15 -7.07396985836849e-16
3.98652726291987e-15 -2.05116273490814e-15
6.00915334634772e-15 1.82877637530366e-15
3.07066285501666e-15 -7.58120895180775e-15
1.14024928509317e-14 3.9884298821064e-15
2.71387632602065e-15 -4.36823647349622e-15
8.25852550301785e-16 3.55566022325661e-15
2.99202509687447e-15 -5.17757029745529e-15
7.32799954139785e-15 1.28434772609872e-15
1.98942284478364e-15 -1.12182260628452e-15
1.23601217821161e-14 2.65712272821554e-15
7.24595405173728e-15 -8.21594318405269e-15
1.99330192120011e-14 2.1008658060211e-15
2.63540332653373e-16 -2.51289768807803e-15
5.59946365680385e-14 3.26606028522449e-15
1.80454364652252e-15 7.14356299435396e-14
-5.00348959964993e-14 4.05885487319704e-15
1.73213940026949e-15 -2.81936079956525e-15
-1.05733752999718e-14 2.43040984201286e-15
-9.46180016604412e-16 -5.83895990476854e-15
-9.64030836085199e-16 3.77382216263293e-15
6.29857730900629e-15 -6.61701488471895e-15
6.7484419141107e-15 6.50678336592554e-16
-4.54137440663667e-16 -4.51720841417169e-15
3.83273251780894e-14 3.98413380609633e-15
2.16431470573845e-15 6.18792146222992e-14
-4.62372011129986e-14 5.88580741031569e-15
-6.67991009450748e-16 -8.61378818617595e-15
-1.64861251120336e-14 1.09180090996813e-15
-2.38457218260747e-15 -5.16309664671914e-15
-9.95900059554705e-15 5.46909742448873e-15
2.75171024753052e-15 -2.23870618356375e-15
-6.3950289355788e-15 -1.96962760372308e-16
4.0041944834382e-15 -4.92623705000344e-15
-5.18936623419224e-15 7.5859575676167e-15
2.82108031167028e-16 -9.579556501941e-15
-1.21220434743868e-15 4.35076801475546e-15
8.27381590837068e-16 -7.1730738569155e-15
-6.59243433546492e-15 1.94531342750661e-15
-3.32187544957618e-16 -3.43964969073963e-15
-3.15368031902864e-15 2.76241037122241e-15
-7.15154676074855e-16 -5.05812120645495e-15
3.65928662704464e-16 2.88151743351189e-15
-5.53462787796392e-15 -4.12059587146152e-15
-8.41535785205524e-16 7.39021033199702e-16
-9.9935874809519e-16 -3.84495158607304e-15
-1.94019101768194e-15 1.49860349994226e-15
-7.99033352323939e-17 -6.96471174010067e-15
-8.48600956467403e-16 1.86954021426249e-15
-7.18869408444789e-15 -3.33066907387547e-16
2.11347195766409e-15 2.25904499628148e-15
1.81497326925021e-15 -1.89354208510569e-15
1.58348868049739e-15 2.00276123370268e-16
-4.267427298093e-15 -4.4750528805681e-15
-1.67751158871571e-15 3.36189409644305e-15
7.28891962221811e-15 2.69407282582015e-15
9.75524754566438e-15 -5.98034538160145e-15
-1.1060113707122e-16 1.49268411644496e-14
-3.05401699818934e-15 -7.72803356063379e-15
-7.18869408444789e-15 -3.33066907387547e-16
4.93761057869252e-15 7.45118531000253e-15
2.157903816948e-15 -3.7217310639493e-15
2.40060646280772e-15 -6.86196612570868e-15
-6.89841684026827e-15 -1.22725943766552e-15
4.35766301542138e-15 5.41582717406638e-15
2.72969868124053e-15 5.30029021334219e-15
1.73970761745128e-14 -7.20651935355031e-15
-3.99683076963632e-15 3.35108682501719e-14
-1.3511837014237e-14 -6.52503244571779e-15
-1.08752037980807e-14 -3.69595159465787e-16
-2.98924300254037e-15 2.83795403793466e-15
-1.07306664511692e-15 1.07647156643398e-15
-3.48737405575977e-16 -3.90675929068914e-15
-4.44056898513686e-15 4.08977472166699e-15
-3.83823386853367e-16 6.6372876500939e-16
-3.20784530753761e-15 1.3655582656863e-15
1.52260304402034e-15 -2.96530055685229e-15
-3.219536034691e-15 8.72048706119928e-15
-4.45781489384167e-15 -1.92225521371406e-15
-1.69467449429412e-15 6.03540422698458e-16
-3.67259045809327e-15 -2.23795324508135e-15
-5.62660707121881e-15 4.21478478257085e-15
-1.45799075040589e-15 -1.5475227268165e-15
-1.88066665436626e-15 -1.20558071366394e-15
-1.89807718896434e-15 -2.10352677120844e-15
-2.83593141721494e-15 1.52596868566135e-15
-4.78491707100149e-15 -3.07212585738533e-15
-4.48326451667109e-16 2.7418534839315e-15
1.78516804297719e-15 -7.23299251764395e-15
-3.5324814667663e-15 6.92187720590018e-15
-1.49548360584541e-15 -4.51108279313341e-15
-5.94560599112613e-15 4.98491630139347e-15
-1.8508868118727e-15 -2.42311269276674e-15
-1.7551190133599e-15 1.35860610440304e-15
-3.27880897353615e-15 -4.31604895383581e-15
-1.09469667923253e-15 6.97025170731025e-16
-4.3006263184349e-15 -3.12654935211131e-15
8.10709316242655e-15 2.73911093441468e-15
-7.35478773961022e-15 -2.55196673452721e-15
-1.13922338037104e-15 -3.33785282835831e-15
-4.86211646082164e-16 -4.94404123162338e-15
-8.64681653411698e-16 2.61593175660993e-15
-7.26814947973939e-15 -1.38251781689555e-15
4.17223231073414e-15 3.31429755872545e-15
-8.95757726389002e-15 -5.24595462855698e-15
3.72430140228925e-16 7.03172044584097e-15
-1.30869531010326e-14 8.47971731327277e-16
1.93540963518414e-14 4.95733106812587e-15
-4.20020067094013e-14 -1.31787060907781e-14
2.28979119881967e-15 -2.55175557495e-14
3.63497496207724e-14 -1.63149340558033e-14
-9.84352957938421e-15 1.71973173865043e-15
7.5552017172972e-15 4.54774701777391e-16
-3.60101158253738e-15 2.45855124488521e-16
1.99858982943912e-15 -7.86104477831955e-15
-3.91644666259782e-15 4.92313799962745e-15
-5.54701665823904e-15 2.36455923912371e-15
1.1409036438164e-14 2.8115555081409e-15
-2.90767386847012e-14 -1.52317989208892e-14
-6.08121927078729e-16 -7.75208634455523e-15
3.30693327365104e-14 -1.48787135479273e-14
-9.17473798490139e-15 4.38162971685918e-15
1.33193328907807e-14 -8.60089571082747e-16
-3.60101158253738e-15 2.45855124488521e-16
7.53782073010153e-15 -2.9749970789157e-15
-1.97970963175727e-15 3.82510051103316e-15
4.70570251019727e-15 -2.36022482967462e-15
-1.43965853425353e-15 3.44407086470773e-15
6.81716705341588e-15 -2.9174791384202e-15
-2.42675731840032e-15 2.96196549666844e-15
6.52589964532602e-16 -1.56732366784577e-15
-2.40370596770911e-15 5.00111613314586e-16
3.73927887344805e-15 -3.62879144206615e-15
-5.15755420939764e-16 -6.57344159940293e-16
1.11871551003502e-16 -1.94362784919416e-15
2.65395117759164e-16 4.40472565868138e-16
9.23901990132744e-16 -3.04873605480109e-15
-3.01950495518578e-15 4.82137937065803e-15
2.41241962746044e-15 -4.95686393416556e-16
-1.78779362432357e-15 1.18517918507317e-15
2.21693439987117e-15 9.60872324038953e-16
2.07020832901265e-15 7.34612721980022e-16
-4.53239939809642e-15 6.39579492430409e-16
2.56654917642132e-15 1.16364641583399e-15
-3.17362250649434e-15 -4.52297644938386e-15
3.13800807817245e-16 -9.68029525389973e-16
-2.39018755018657e-15 -7.41319889455765e-16
4.97254882153274e-15 -5.73143304302733e-16
-4.55593820863617e-15 -2.90564812856877e-15
1.7275555833252e-15 2.07696464145184e-15
-1.24844477411925e-14 5.72405874308868e-16
2.7210755784185e-15 -1.8624374446637e-14
9.87401519657114e-15 -1.42837861456406e-17
4.20826392943524e-15 1.84609296676354e-15
2.04798742973152e-15 -2.90024443549102e-15
-2.46878135216064e-15 1.84553743690287e-16
-1.6159907353427e-15 -4.65717181742968e-16
1.30312007695183e-15 8.88261371669557e-16
-6.87071558171671e-15 -1.45983162785649e-15
-2.08668929387236e-15 2.50482227642455e-15
-1.51200084177279e-14 1.49948451425696e-15
1.36927541982884e-15 -3.8743390245665e-14
1.94846783532016e-14 2.58867851557012e-15
3.07224542423855e-15 5.90623919727311e-16
1.10980186177365e-14 -1.2849041266335e-15
3.89764721612653e-15 -2.05514459237126e-15
3.3044978443456e-15 -2.10653162613966e-15
5.70242064055965e-16 -1.45490193289401e-15
1.52939759548346e-15 -7.91033175052541e-16
-1.62971634877733e-15 5.48756127818666e-15
4.28263457139755e-15 3.14627344149935e-15
4.48241774374804e-15 -7.13679190779702e-15
3.34781439982202e-15 4.89426474396057e-15
5.49519368440495e-15 2.92848990884697e-15
4.47523485490535e-15 1.39444495108019e-15
6.47470389939145e-15 -1.37961911380166e-15
2.1962453987601e-15 -4.09426659816332e-15
2.41473507855972e-15 -0
1.32259252664714e-15 6.74935714957711e-16
2.94308321482417e-15 7.78863981143098e-16
1.44293523897264e-15 9.25611774759028e-16
2.31600837017232e-15 4.23166627915257e-15
1.03559592771202e-15 0
2.31600837017232e-15 -4.23166627915257e-15
1.44293523897264e-15 -9.25611774759028e-16
2.94308321482417e-15 -7.78863981143098e-16
1.32259252664714e-15 -6.74935714957711e-16
2.41473507855972e-15 0
2.1962453987601e-15 4.09426659816332e-15
6.47470389939145e-15 1.37961911380166e-15
4.47523485490535e-15 -1.39444495108019e-15
5.49519368440495e-15 -2.92848990884697e-15
3.34781439982202e-15 -4.89426474396057e-15
4.48241774374804e-15 7.13679190779702e-15
4.28263457139755e-15 -3.14627344149935e-15
-1.62971634877733e-15 -5.48756127818666e-15
1.52939759548346e-15 7.91033175052541e-16
5.70242064055965e-16 1.45490193289401e-15
3.3044978443456e-15 2.10653162613966e-15
3.89764721612653e-15 2.05514459237126e-15
1.10980186177365e-14 1.2849041266335e-15
3.07224542423855e-15 -5.90623919727311e-16
1.94846783532016e-14 -2.58867851557012e-15
1.36927541982884e-15 3.8743390245665e-14
-1.51200084177279e-14 -1.49948451425696e-15
-2.08668929387236e-15 -2.50482227642455e-15
-6.87071558171671e-15 1.45983162785649e-15
1.30312007695183e-15 -8.88261371669557e-16
-1.6159907353427e-15 4.65717181742968e-16
-2.46878135216064e-15 -1.84553743690287e-16
2.04798742973152e-15 2.90024443549102e-15
4.20826392943524e-15 -1.84609296676354e-15
9.87401519657114e-15 1.42837861456406e-17
2.7210755784185e-15 1.8624374446637e-14
-1.24844477411925e-14 -5.72405874308868e-16
1.7275555833252e-15 -2.07696464145184e-15
-4.55593820863617e-15 2.90564812856877e-15
4.97254882153274e-15 5.73143304302733e-16
-2.39018755018657e-15 7.41319889455765e-16
3.13800807817245e-16 9.68029525389973e-16
-3.17362250649434e-15 4.52297644938386e-15
2.56654917642132e-15 -1.16364641583399e-15
-4.53239939809642e-15 -6.39579492430409e-16
2.07020832901265e-15 -7.34612721980022e-16
2.21693439987117e-15 -9.60872324038953e-16
-1.78779362432357e-15 -1.18517918507317e-15
2.41241962746044e-15 4.95686393416556e-16
-3.01950495518578e-15 -4.82137937065803e-15
9.23901990132744e-16 3.04873605480109e-15
2.65395117759164e-16 -4.40472565868138e-16
1.11871551003502e-16 1.94362784919416e-15
-5.15755420939764e-16 6.57344159940293e-16
3.73927887344805e-15 3.62879144206615e-15
-2.40370596770911e-15 -5.00111613314586e-16
6.52589964532602e-16 1.56732366784577e-15
-2.42675731840032e-15 -2.96196549666844e-15
6.81716705341588e-15 2.9174791384202e-15
-1.43965853425353e-15 -3.44407086470773e-15
4.70570251019727e-15 2.36022482967462e-15
-1.97970963175727e-15 -3.82510051103316e-15
7.53782073010153e-15 2.9749970789157e-15
-3.60101158253738e-15 -2.45855124488521e-16
1.33193328907807e-14 8.60089571082747e-16
-9.17473798490139e-15 -4.38162971685918e-15
3.30693327365104e-14 1.48787135479273e-14
-6.08121927078729e-16 7.75208634455523e-15
-2.90767386847012e-14 1.52317989208892e-14
1.1409036438164e-14 -2.8115555081409e-15
-5.54701665823904e-15 -2.36455923912371e-15
-3.91644666259782e-15 -4.92313799962745e-15
1.99858982943912e-15 7.86104477831955e-15
-3.60101158253738e-15 -2.45855124488521e-16
7.5552017172972e-15 -4.54774701777391e-16
-9.84352957938421e-15 -1.71973173865043e-15
3.63497496207724e-14 1.63149340558033e-14
2.28979119881967e-15 2.55175557495e-14
-4.20020067094013e-14 1.31787060907781e-14
1.93540963518414e-14 -4.95733106812587e-15
-1.30869531010326e-14 -8.47971731327277e-16
3.72430140228925e-16 -7.03172044584097e-15
-8.95757726389002e-15 5.24595462855698e-15
4.17223231073414e-15 -3.31429755872545e-15
-7.26814947973939e-15 1.38251781689555e-15
-8.64681653411698e-16 -2.61593175660993e-15
-4.86211646082164e-16 4.94404123162338e-15
-1.13922338037104e-15 3.33785282835831e-15
-7.35478773961022e-15 2.55196673452721e-15
8.10709316242655e-15 -2.73911093441468e-15
-4.3006263184349e-15 3.12654935211131e-15
-1.09469667923253e-15 -6.97025170731025e-16
-3.27880897353615e-15 4.31604895383581e-15
-1.7551190133599e-15 -1.35860610440304e-15
-1.8508868118727e-15 2.42311269276674e-15
-5.94560599112613e-15 -4.98491630139347e-15
-1.49548360584541e-15 4.51108279313341e-15
-3.5324814667663e-15 -6.92187720590018e-15
1.78516804297719e-15 7.23299251764395e-15
-4.48326451667109e-16 -2.7418534839315e-15
-4.78491707100149e-15 3.07212585738533e-15
-2.83593141721494e-15 -1.52596868566135e-15
-1.89807718896434e-15 2.10352677120844e-15
-1.88066665436626e-15 1.20558071366394e-15
-1.45799075040589e-15 1.5475227268165e-15
-5.62660707121881e-15 -4.21478478257085e-15
-3.67259045809327e-15 2.23795324508135e-15
-1.69467449429412e-15 -6.03540422698458e-16
-4.45781489384167e-15 1.92225521371406e-15
-3.219536034691e-15 -8.72048706119928e-15
1.52260304402034e-15 2.96530055685229e-15
-3.20784530753761e-15 -1.3655582656863e-15
-3.83823386853367e-16 -6.6372876500939e-16
-4.44056898513686e-15 -4.08977472166699e-15
-3.48737405575977e-16 3.90675929068914e-15
-1.07306664511692e-15 -1.07647156643398e-15
-2.98924300254037e-15 -2.83795403793466e-15
-1.08752037980807e-14 3.69595159465787e-16
-1.3511837014237e-14 6.52503244571779e-15
-3.99683076963632e-15 -3.35108682501719e-14
1.73970761745128e-14 7.20651935355031e-15
2.72969868124053e-15 -5.30029021334219e-15
4.35766301542138e-15 -5.41582717406638e-15
-6.89841684026827e-15 1.22725943766552e-15
2.40060646280772e-15 6.86196612570868e-15
2.157903816948e-15 3.7217310639493e-15
4.93761057869252e-15 -7.45118531000253e-15
-7.18869408444789e-15 3.33066907387547e-16
-3.05401699818934e-15 7.72803356063379e-15
-1.1060113707122e-16 -1.49268411644496e-14
9.75524754566438e-15 5.98034538160145e-15
7.28891962221811e-15 -2.69407282582015e-15
-1.67751158871571e-15 -3.36189409644305e-15
-4.267427298093e-15 4.4750528805681e-15
1.58348868049739e-15 -2.00276123370268e-16
1.81497326925021e-15 1.89354208510569e-15
2.11347195766409e-15 -2.25904499628148e-15
-7.18869408444789e-15 3.33066907387547e-16
-8.48600956467403e-16 -1.86954021426249e-15
-7.99033352323939e-17 6.96471174010067e-15
-1.94019101768194e-15 -1.49860349994226e-15
-9.9935874809519e-16 3.84495158607304e-15
-8.41535785205524e-16 -7.39021033199702e-16
-5.53462787796392e-15 4.12059587146152e-15
3.65928662704464e-16 -2.88151743351189e-15
-7.15154676074855e-16 5.05812120645495e-15
-3.15368031902864e-15 -2.76241037122241e-15
-3.32187544957618e-16 3.43964969073963e-15
-6.59243433546492e-15 -1.94531342750661e-15
8.27381590837068e-16 7.1730738569155e-15
-1.21220434743868e-15 -4.35076801475546e-15
2.82108031167028e-16 9.579556501941e-15
-5.18936623419224e-15 -7.5859575676167e-15
4.0041944834382e-15 4.92623705000344e-15
-6.3950289355788e-15 1.96962760372308e-16
2.75171024753052e-15 2.23870618356375e-15
-9.95900059554705e-15 -5.46909742448873e-15
-2.38457218260747e-15 5.16309664671914e-15
-1.64861251120336e-14 -1.09180090996813e-15
-6.67991009450748e-16 8.61378818617595e-15
-4.62372011129986e-14 -5.88580741031569e-15
2.16431470573845e-15 -6.18792146222992e-14
3.83273251780894e-14 -3.98413380609633e-15
-4.54137440663667e-16 4.51720841417169e-15
6.7484419141107e-15 -6.50678336592554e-16
6.29857730900629e-15 6.61701488471895e-15
-9.64030836085199e-16 -3.77382216263293e-15
-9.46180016604412e-16 5.83895990476854e-15
-1.05733752999718e-14 -2.43040984201286e-15
1.73213940026949e-15 2.81936079956525e-15
-5.00348959964993e-14 -4.05885487319704e-15
1.80454364652252e-15 -7.14356299435396e-14
5.59946365680385e-14 -3.26606028522449e-15
2.63540332653373e-16 2.51289768807803e-15
1.99330192120011e-14 -2.1008658060211e-15
7.24595405173728e-15 8.21594318405269e-15
1.23601217821161e-14 -2.65712272821554e-15
1.98942284478364e-15 1.12182260628452e-15
7.32799954139785e-15 -1.28434772609872e-15
2.99202509687447e-15 5.17757029745529e-15
8.25852550301785e-16 -3.55566022325661e-15
2.71387632602065e-15 4.36823647349622e-15
1.14024928509317e-14 -3.9884298821064e-15
3.07066285501666e-15 7.58120895180775e-15
6.00915334634772e-15 -1.82877637530366e-15
3.98652726291987e-15 2.05116273490814e-15
6.1320564861666e-15 7.07396985836849e-16
3.63430173964229e-15 3.45670148861075e-15
4.6619000264541e-15 -1.34247853652679e-16
3.23922954625608e-15 3.52462930995346e-15
6.03266254125199e-15 -1.75683019102465e-16
-6.17835911038211e-16 1.03090135383041e-15
7.57625420651209e-16 -2.47133789702525e-16
1.9461597013571e-15 -5.04683974392491e-16
4.94528837206539e-15 1.43799348062293e-15
2.59887582395816e-15 3.57884004681224e-15
3.43398828791974e-15 1.86748926196383e-15
2.89774520140304e-15 2.4230312291081e-15
5.7720449347445e-15 7.94761887660413e-16
2.98764301935094e-15 1.42456946595351e-15
6.13263945847756e-15 1.48339798442173e-15
-6.17835911038211e-16 1.03090135383041e-15
9.91222878562739e-15 6.20665611825965e-15
2.51744841448106e-15 4.08496534060524e-15
-4.80811696900465e-15 7.30094266662679e-15
8.82756403067316e-15 -5.45746638984007e-17
1.5146200558885e-15 3.82541993030759e-16
4.49390001034397e-15 -2.78568484923987e-15
3.43496489504615e-15 4.24283967979554e-15
6.42851366585205e-15 -1.96027311784705e-15
6.68728743084726e-15 1.11765112470079e-15
-3.65834654371029e-15 1.8728700189648e-15
2.01224815105536e-14 8.0834489859781e-15
2.11881090148003e-15 2.21663544193573e-14
-1.98574864724734e-14 6.30779118872335e-15
4.96497936719253e-15 2.59074824180961e-16
-5.99218746465701e-15 4.04619791748548e-16
-2.87210508524429e-16 2.07562888962652e-15
-2.13770822079222e-15 6.21151659662976e-15
4.17986063270527e-15 5.44357036851655e-16
-3.63938230328056e-17 3.31008649827427e-15
3.62820511356374e-15 2.28970880559511e-17
7.20016961093843e-15 4.21296135568855e-15
4.34375499288945e-15 7.78700849047564e-16
-1.05193871353503e-14 5.36768609119371e-15
2.61571056505712e-16 2.27549012660187e-15
-2.53203078132947e-15 6.10692993104585e-15
1.97847416406157e-15 3.39533203637675e-16
-1.68472742867411e-15 6.58497557303978e-15
1.45421733002719e-15 3.3932536768853e-15
6.54987190570232e-16 4.77787868476149e-15
-5.28891287810562e-16 5.05968410913071e-16
1.81619522443878e-15 5.12175043750126e-15
-5.00338607252175e-15 4.65041344775539e-15
4.72281544672907e-16 7.94116792800162e-15
1.34304093619316e-15 -2.87874974381555e-16
-1.68137085333688e-15 9.53010728679016e-15
6.1983043299986e-15 2.98393121961731e-15
-3.07354110706924e-16 4.69766185303498e-15
2.31990071695726e-15 6.25469482808272e-15
8.20112419851869e-16 8.13219662204835e-15
5.49449590573452e-15 3.79653860586269e-15
9.36699424000223e-16 6.66394841180671e-15
-4.21293853908973e-16 6.38195141345763e-15
-1.28402181232019e-15 9.19219010515313e-15
1.55048365186724e-15 3.76234512276308e-15
2.12442504956318e-15 9.98713541590166e-15
-4.22255229216018e-15 6.03516570946081e-15
1.60869049436203e-15 1.05989472681078e-14
4.88916825547496e-15 7.06092957789491e-15
1.08956736502128e-15 1.65688562410868e-14
5.15033234709647e-15 1.01038032468514e-14
5.84674151063519e-17 2.08938087552492e-14
-1.7710772406947e-15 2.59436341361826e-14
-1.01484806173004e-15 5.34925311410764e-14
-1.58123514282238e-13 256
7.67602206348454e-15 -4.41533288904684e-14
3.00624010233356e-15 -1.41567447454842e-14
6.26035442190228e-15 -9.00272315445539e-15
-2.79548981014312e-15 -5.77888558157378e-15