0 0
1.56432 -63.7232
-0.0331506 0.674796
-0.0278785 0.37794
-0.0264085 0.26813
-0.0257794 0.209014
-0.02545 0.17157
-0.0252555 0.145551
-0.0251308 0.126341
-0.0250461 0.111535
-0.0249858 0.0997488
-0.0249414 0.0901265
-0.0249077 0.0821097
-0.0248816 0.0753176
-0.0248609 0.0694815
-0.0248442 0.0644062
-0.0248306 0.0599464
-0.0248193 0.0559915
-0.0248099 0.0524561
-0.0248019 0.049273
-0.0247951 0.0463884
-0.0247893 0.0437592
-0.0247842 0.04135
-0.0247798 0.0391316
-0.024776 0.0370799
-0.0247726 0.0351743
-0.0247696 0.0333979
-0.0247669 0.0317358
-0.0247645 0.0301756
-0.0247624 0.0287065
-0.0247604 0.0273189
-0.0247587 0.0260049
-0.0247572 0.0247572
-0.0247557 0.0235694
-0.0247544 0.0224361
-0.0247533 0.0213523
-0.0247522 0.0203136
-0.0247512 0.019316
-0.0247503 0.0183561
-0.0247495 0.0174306
-0.0247488 0.0165366
-0.0247481 0.0156715
-0.0247474 0.014833
-0.0247469 0.0140189
-0.0247463 0.0132272
-0.0247458 0.012456
-0.0247454 0.0117037
-0.024745 0.0109687
-0.0247446 0.0102495
-0.0247443 0.00954491
-0.0247439 0.00885352
-0.0247437 0.0081742
-0.0247434 0.00750583
-0.0247432 0.00684735
-0.0247429 0.00619779
-0.0247428 0.00555617
-0.0247426 0.00492161
-0.0247425 0.00429322
-0.0247423 0.00367018
-0.0247422 0.00305166
-0.0247421 0.00243689
-0.0247421 0.00182509
-0.024742 0.0012155
-0.024742 0.000607382
-0.024742 0
-0.024742 -0.000607382
-0.024742 -0.0012155
-0.0247421 -0.00182509
-0.0247421 -0.00243689
-0.0247422 -0.00305166
-0.0247423 -0.00367018
-0.0247425 -0.00429322
-0.0247426 -0.00492161
-0.0247428 -0.00555617
-0.0247429 -0.00619779
-0.0247432 -0.00684735
-0.0247434 -0.00750583
-0.0247437 -0.0081742
-0.0247439 -0.00885352
-0.0247443 -0.00954491
-0.0247446 -0.0102495
-0.024745 -0.0109687
-0.0247454 -0.0117037
-0.0247458 -0.012456
-0.0247463 -0.0132272
-0.0247469 -0.0140189
-0.0247474 -0.014833
-0.0247481 -0.0156715
-0.0247488 -0.0165366
-0.0247495 -0.0174306
-0.0247503 -0.0183561
-0.0247512 -0.019316
-0.0247522 -0.0203136
-0.0247533 -0.0213523
-0.0247544 -0.0224361
-0.0247557 -0.0235694
-0.0247572 -0.0247572
-0.0247587 -0.0260049
-0.0247604 -0.0273189
-0.0247624 -0.0287065
-0.0247645 -0.0301756
-0.0247669 -0.0317358
-0.0247696 -0.0333979
-0.0247726 -0.0351743
-0.024776 -0.0370799
-0.0247798 -0.0391316
-0.0247842 -0.04135
-0.0247893 -0.0437592
-0.0247951 -0.0463884
-0.0248019 -0.049273
-0.0248099 -0.0524561
-0.0248193 -0.0559915
-0.0248306 -0.0599464
-0.0248442 -0.0644062
-0.0248609 -0.0694815
-0.0248816 -0.0753176
-0.0249077 -0.0821097
-0.0249414 -0.0901265
-0.0249858 -0.0997488
-0.0250461 -0.111535
-0.0251308 -0.126341
-0.0252555 -0.145551
-0.02545 -0.17157
-0.0257794 -0.209014
-0.0264085 -0.26813
-0.0278785 -0.37794
-0.0331506 -0.674796
1.56432 63.7232
